# Created by Octave 4.0.0, Sat Jan 14 15:17:49 2017 Mitteleuropäische Zeit <unknown@Anna-PC>
# name: small
# type: bool matrix
# rows: 25
# columns: 25
 1 1 1 1 1 1 1 0 1 1 1 1 0 1 1 0 1 0 1 1 1 1 1 1 1
 1 0 0 0 0 0 1 0 0 0 0 1 1 1 1 0 0 0 1 0 0 0 0 0 1
 1 0 1 1 1 0 1 0 0 1 0 1 0 1 0 1 0 0 1 0 1 1 1 0 1
 1 0 1 1 1 0 1 0 0 0 1 1 0 1 0 0 0 0 1 0 1 1 1 0 1
 1 0 1 1 1 0 1 0 0 0 1 1 1 0 0 0 1 0 1 0 1 1 1 0 1
 1 0 0 0 0 0 1 0 0 1 0 1 0 0 1 0 0 0 1 0 0 0 0 0 1
 1 1 1 1 1 1 1 0 1 0 1 0 1 0 1 0 1 0 1 1 1 1 1 1 1
 0 0 0 0 0 0 0 0 1 1 0 0 1 1 1 1 0 0 0 0 0 0 0 0 0
 1 1 0 1 1 0 1 0 0 1 0 0 1 0 1 1 0 0 1 0 0 0 0 0 1
 1 1 1 1 0 0 0 0 1 0 1 0 0 1 1 1 0 0 0 1 1 1 0 0 0
 1 0 0 1 1 1 1 0 1 1 0 0 1 1 0 1 1 0 1 1 1 0 1 0 1
 0 0 1 0 0 0 0 0 1 0 0 0 0 0 1 0 1 0 1 0 1 1 1 1 0
 0 1 1 0 0 1 1 1 0 1 1 0 0 0 0 0 1 0 1 1 0 1 0 1 1
 1 1 0 0 0 1 0 0 0 0 1 0 1 0 1 1 1 1 0 0 1 1 0 1 0
 1 1 1 0 0 0 1 1 0 1 0 0 0 1 1 1 1 0 1 0 0 0 0 1
 1 0 1 1 0 1 0 0 0 0 1 0 1 0 1 0 1 0 0 1 0 1 1 0 1
 1 0 1 1 0 1 1 1 1 0 0 1 1 1 0 1 1 1 1 1 1 0 1 1 1
 0 0 0 0 0 0 0 0 1 0 1 1 0 1 0 0 1 0 0 0 1 0 1 0 1
 1 1 1 1 1 1 1 0 0 1 1 0 1 1 0 0 1 0 1 0 1 1 0 0 1
 1 0 0 0 0 0 1 0 0 0 1 1 0 1 1 0 1 0 0 0 1 1 0 0 0
 1 0 1 1 1 0 1 0 1 0 0 1 0 1 0 1 1 1 1 1 1 1 0 1 1
 1 0 1 1 1 0 1 0 1 0 0 0 1 1 1 0 0 1 1 0 0 0 1 1 1
 1 0 1 1 1 0 1 0 0 0 1 1 0 1 0 0 1 1 0 1 1 0 0 1 1
 1 0 0 0 0 0 1 0 1 0 1 1 1 1 0 0 0 0 1 1 0 1 1 1 1
 1 1 1 1 1 1 1 0 1 0 1 1 1 1 0 0 1 0 1 0 0 1 0 0 1


